c401-903.stampede(22)$ ./run-pagerank.sh 
./run-pagerank.sh: line 9: SECONDS: command not found
 **** Building binaries... **** 
rm page_rank
icc -mmic -O3 -o page_rank page_rank.cpp -w
rm page_rank
icc -std=c++11 -mmic -DMIC -I ../../SSE_API_Package/SSE_Template/ -o page_rank -O3 page_rank.cpp -w
rm page_rank
icc -std=c++11 -mmic -DMIC -I ../../SSE_API_Package/SSE_Template/ -o page_rank -O3 page_rank.cpp -openmp -w
 ************************ Running Page_rank on higgs-twitter ************************** 
 **** Running [Serial] **** 
../../datasets/twitter/higgs-twitter-orig
2.48924
2.48909
2.48874
2.48879
2.48831
2.48909
2.4886
2.48894
2.48847
2.48855
 **** Running [Serial Tiling] **** 
../../datasets/twitter/higgs-twitter-1024
1.71039
1.70967
1.71001
1.70985
1.70986
1.70984
1.70991
1.70985
1.70985
1.70983
 **** Running [SIMD Naive] **** 
../../datasets/twitter/higgs-twitter-orig
1.93464
1.93472
1.93465
1.93456
1.93427
1.9345
1.93436
1.93388
1.9341
1.93504
 **** Running [SIMD Tiling (Our)] **** 
simd on tile 1024
../../datasets/twitter/higgs-twitter-1024
0.358591
0.358651
0.358722
0.358629
0.358683
0.358709
0.358631
0.358684
0.358754
0.358599
simd on tile 2048
../../datasets/twitter/higgs-twitter-2048
0.340474
0.34001
0.339884
0.339829
0.339993
0.339873
0.339787
0.340017
0.339973
0.339869
simd on tile 4096
../../datasets/twitter/higgs-twitter-4096
0.489393
0.489342
0.489078
0.489312
0.488995
0.489368
0.489018
0.489244
0.488986
0.489306
simd on tile 8192
../../datasets/twitter/higgs-twitter-8192
0.703878
0.703335
0.703449
0.703324
0.703544
0.703523
0.703573
0.703229
0.703569
0.703369
 **** Running [MIMD Tiling (Our)]  **** 
mimd on tile 1024
../../datasets/twitter/higgs-twitter-1024
2
1.70531
1.68393
1.68545
1.68839
1.68515
1.68584
1.68055
1.70055
1.70948
1.70666
4
1.31934
1.3178
1.30775
1.30456
1.30373
1.3045
1.30391
1.30381
1.30327
1.30463
8
0.844782
0.840089
0.840183
0.840377
0.84002
0.839827
0.839841
0.840214
0.839939
0.840103
16
0.583897
0.573376
0.573435
0.573498
0.573339
0.573598
0.573441
0.573438
0.573296
0.573483
32
0.456549
0.440061
0.43994
0.439972
0.43997
0.439875
0.439948
0.440015
0.44001
0.439941
40
0.422002
0.41153
0.411505
0.411293
0.411614
0.411714
0.411387
0.411446
0.411393
0.411415
50
0.402823
0.387851
0.38802
0.387619
0.387735
0.387827
0.387871
0.387847
0.387856
0.387756
61
0.385943
0.373683
0.373585
0.373643
0.373833
0.373665
0.373526
0.373532
0.37369
0.373616
80
0.335949
0.323128
0.323116
0.323247
0.322984
0.323062
0.323185
0.323237
0.323131
0.323067
122
0.300136
0.269936
0.269891
0.269948
0.269972
0.27
0.269951
0.269944
0.269786
0.270067
150
0.266559
0.244674
0.24452
0.244483
0.244702
0.244467
0.244453
0.244502
0.244364
0.244578
180
0.253173
0.225472
0.225687
0.225659
0.225523
0.225501
0.225597
0.225596
0.225443
0.22565
200
0.23475
0.214605
0.214511
0.214774
0.214515
0.214603
0.21457
0.214528
0.214561
0.214647
244
0.240413
0.195998
0.195656
0.1957
0.19568
0.195861
0.195738
0.195697
0.195678
0.195808
mimd on tile 2048
../../datasets/twitter/higgs-twitter-2048
2
1.74591
1.72099
1.726
1.72022
1.72647
1.72494
1.73141
1.71614
1.72577
1.72443
4
1.31107
1.30845
1.3075
1.30936
1.30669
1.30712
1.30761
1.31682
1.31914
1.31557
8
0.808056
0.802682
0.802547
0.802558
0.802633
0.803626
0.802291
0.802172
0.802029
0.803468
16
0.503327
0.493258
0.493696
0.493585
0.493696
0.493484
0.493386
0.493193
0.493568
0.493556
32
0.353877
0.335174
0.334847
0.33497
0.334978
0.335221
0.335198
0.334962
0.33523
0.335049
40
0.315024
0.305885
0.305764
0.305799
0.306216
0.305727
0.306053
0.305714
0.305733
0.305819
50
0.294072
0.280267
0.280312
0.280263
0.280128
0.280283
0.280252
0.280318
0.280362
0.280647
61
0.277385
0.262809
0.262734
0.262937
0.262739
0.26276
0.262656
0.262989
0.263025
0.262964
80
0.242135
0.229002
0.228963
0.228899
0.229107
0.229047
0.229
0.228859
0.229084
0.228998
122
0.219999
0.189376
0.18953
0.189541
0.189488
0.189331
0.189278
0.189322
0.189349
0.189321
150
0.192636
0.170118
0.170047
0.170176
0.170127
0.170214
0.170213
0.170063
0.170044
0.170178
180
0.183787
0.15568
0.155719
0.15574
0.155796
0.155772
0.155699
0.155872
0.155904
0.155658
200
0.168104
0.147369
0.147524
0.147495
0.147414
0.147525
0.147425
0.147613
0.147425
0.147612
244
0.177685
0.132557
0.132943
0.13273
0.133187
0.132789
0.132759
0.13287
0.132778
0.132799
mimd on tile 4096
../../datasets/twitter/higgs-twitter-4096
2
1.83549
1.83243
1.80071
1.82589
1.82551
1.79232
1.81997
1.81157
1.81949
1.79386
4
1.33802
1.33552
1.3343
1.33232
1.33909
1.33318
1.33109
1.33699
1.33692
1.33711
8
0.806326
0.801126
0.800588
0.800654
0.801206
0.801353
0.800429
0.800965
0.800551
0.800712
16
0.466177
0.455324
0.456003
0.455502
0.455619
0.455316
0.455252
0.455408
0.455428
0.455192
32
0.288756
0.271911
0.272022
0.272291
0.272005
0.271874
0.27208
0.272228
0.272183
0.27167
40
0.246536
0.236851
0.236914
0.237087
0.236851
0.236838
0.237145
0.23704
0.23711
0.236852
50
0.219851
0.208299
0.208395
0.208757
0.208235
0.208629
0.208636
0.208536
0.208402
0.208653
61
0.201171
0.188481
0.188807
0.188569
0.188635
0.188596
0.188413
0.188626
0.188309
0.188798
80
0.17187
0.1572
0.157466
0.157793
0.158117
0.15755
0.157743
0.157477
0.157978
0.157684
122
0.154489
0.122656
0.122324
0.122709
0.122416
0.122575
0.122429
0.122264
0.122578
0.122579
150
0.132837
0.108534
0.108354
0.108468
0.1083
0.108626
0.108135
0.108465
0.108197
0.108301
180
0.127217
0.100194
0.0998
0.100126
0.098711
0.099742
0.100289
0.100107
0.099994
0.100042
200
0.119498
0.097706
0.093883
0.098173
0.097067
0.098117
0.098045
0.09766
0.097232
0.097653
244
0.139548
0.09369
0.095447
0.095639
0.093752
0.093827
0.095865
0.093292
0.093211
0.093585
mimd on tile 8192
../../datasets/twitter/higgs-twitter-8192
2
1.79931
1.87737
1.91494
1.87695
1.86048
1.83161
1.90257
1.87355
1.90084
1.93592
4
1.38448
1.37831
1.3836
1.38432
1.37949
1.38652
1.3791
1.37955
1.3822
1.37979
8
0.822548
0.817329
0.817333
0.816363
0.817277
0.817233
0.817633
0.817739
0.817118
0.81726
16
0.458731
0.449753
0.450104
0.449745
0.449751
0.450203
0.449933
0.449995
0.449919
0.449749
32
0.258679
0.242966
0.243081
0.243014
0.242967
0.24315
0.243054
0.243169
0.242861
0.242907
40
0.212861
0.202339
0.202464
0.202369
0.202611
0.202468
0.202333
0.202597
0.20253
0.20233
50
0.180031
0.168524
0.168423
0.168396
0.16859
0.168281
0.16835
0.168103
0.168259
0.168412
61
0.161345
0.145752
0.14596
0.145699
0.145793
0.145813
0.145689
0.14583
0.145716
0.145867
80
0.138341
0.123973
0.124221
0.125251
0.124485
0.120314
0.124129
0.124358
0.124485
0.125153
122
0.147143
0.114435
0.114954
0.114398
0.115659
0.11449
0.114497
0.119423
0.114851
0.114843
150
0.137345
0.108439
0.119208
0.108492
0.108989
0.107793
0.108701
0.11065
0.11039
0.110031
180
0.142425
0.119968
0.110711
0.114965
0.110166
0.108023
0.108079
0.108385
0.108935
0.111231
200
0.133493
0.112993
0.109763
0.109814
0.109143
0.109665
0.109913
0.109432
0.111346
0.109968
244
0.156657
0.111533
0.112171
0.110327
0.109148
0.109089
0.111221
0.1102
0.109812
0.109168
 ************************ Running Page_rank on soc-Pokec ************************** 
 **** Running [Serial] **** 
../../datasets/pokec/soc-pokec-orig
9.57521
9.57652
9.5778
9.57775
9.57544
9.57619
9.57553
9.57618
9.57546
9.57561
 **** Running [Serial Tiling] **** 
../../datasets/pokec/soc-pokec-1024
sh: line 1:  7435 Segmentation fault      ./page_rank ../../datasets/pokec/soc-pokec-1024 1024
 **** Running [SIMD Naive] **** 
../../datasets/pokec/soc-pokec-orig
8.18682
8.1861
8.18515
8.18585
8.18578
8.18517
8.18469
8.18576
8.18603
8.18574
 **** Running [SIMD Tiling (Our)] **** 
simd on tile 1024
../../datasets/pokec/soc-pokec-1024
0.922235
0.921573
0.921745
0.921742
0.921653
0.921699
0.92154
0.921449
0.921539
0.921765
simd on tile 2048
../../datasets/pokec/soc-pokec-2048
0.754535
0.754188
0.754166
0.754211
0.754075
0.754107
0.754117
0.754109
0.754099
0.754005
simd on tile 4096
../../datasets/pokec/soc-pokec-4096
1.14435
1.14415
1.1442
1.14408
1.14406
1.14406
1.14424
1.14423
1.14423
1.1441
simd on tile 8192
../../datasets/pokec/soc-pokec-8192
1.43903
1.43867
1.43841
1.44304
1.44277
1.43855
1.43835
1.43865
1.4386
1.43854
 **** Running [MIMD Tiling (Our)]  **** 
mimd sssp on tile 1024
../../datasets/pokec/soc-pokec-1024
2
4.33861
4.32043
4.32248
4.31881
4.31961
4.32202
4.32121
4.3404
4.40329
4.32001
4
3.24163
3.23772
3.23825
3.23796
3.2606
3.23808
3.23811
3.23852
3.23811
3.23813
8
2.00317
1.99881
1.99914
1.99879
1.99896
1.99887
1.9988
1.99875
1.9987
1.99894
16
1.25045
1.23855
1.23835
1.23829
1.23835
1.23837
1.23819
1.23828
1.2384
1.2384
32
0.873845
0.857771
0.857692
0.857583
0.857699
0.857682
0.857773
0.857723
0.857666
0.857656
40
0.816558
0.806601
0.806503
0.806459
0.806514
0.806494
0.806567
0.806416
0.806509
0.806582
50
0.800205
0.789405
0.789448
0.789278
0.789487
0.789401
0.789575
0.789453
0.789456
0.78939
61
0.799911
0.787252
0.787256
0.787225
0.78724
0.787253
0.787234
0.787298
0.787375
0.787251
80
0.677437
0.665023
0.665023
0.665272
0.664783
0.664989
0.665054
0.664919
0.665125
0.665007
122
0.571347
0.541888
0.541865
0.541968
0.541796
0.541943
0.541788
0.541898
0.54188
0.541706
150
0.510824
0.488453
0.488704
0.488428
0.488539
0.488549
0.488415
0.488555
0.488675
0.48855
180
0.480747
0.45353
0.453583
0.453516
0.453574
0.453646
0.453541
0.453591
0.453628
0.453705
200
0.453092
0.432613
0.432685
0.43264
0.432577
0.432598
0.432567
0.432648
0.432562
0.432641
244
0.445455
0.39975
0.399697
0.399728
0.399699
0.399817
0.39978
0.399746
0.399755
0.399701
mimd on tile 2048
../../datasets/pokec/soc-pokec-2048
2
3.96539
3.94521
3.94758
3.94615
3.94435
3.94542
3.946
3.94583
3.94565
3.94625
4
2.93654
2.93357
2.93351
2.93325
2.93332
2.93354
2.93308
2.93389
2.93304
2.93341
8
1.73938
1.73484
1.73484
1.73463
1.73463
1.73466
1.73475
1.73476
1.73467
1.73471
16
1.00446
0.99169
0.991758
0.991629
0.991586
0.991564
0.991623
0.991759
0.991608
0.994292
32
0.612755
0.597363
0.597348
0.597319
0.59729
0.59724
0.59739
0.597266
0.597354
0.597293
40
0.530746
0.520488
0.52046
0.520439
0.520494
0.520444
0.520398
0.520337
0.520407
0.520254
50
0.471267
0.459004
0.459028
0.458963
0.458824
0.458843
0.459002
0.459059
0.458991
0.458995
61
0.433779
0.421718
0.421687
0.421698
0.4217
0.421731
0.421783
0.421568
0.421643
0.421593
80
0.383843
0.370266
0.370286
0.370068
0.370195
0.370266
0.370196
0.370201
0.370156
0.370324
122
0.340716
0.311017
0.31097
0.310918
0.31096
0.310985
0.311093
0.310993
0.310934
0.310983
150
0.309837
0.287739
0.287702
0.287672
0.28771
0.287672
0.287743
0.287702
0.28773
0.287679
180
0.29799
0.270411
0.270417
0.270437
0.270373
0.270447
0.270522
0.270444
0.270414
0.270423
200
0.281571
0.261308
0.261238
0.261207
0.261234
0.261308
0.261181
0.261231
0.26126
0.261176
244
0.290138
0.245226
0.245099
0.245282
0.245259
0.245326
0.245293
0.245264
0.245251
0.24521
mimd on tile 4096
../../datasets/pokec/soc-pokec-4096
2
3.88868
3.86773
3.86965
3.87026
3.86842
3.8681
3.86824
3.86889
3.86897
3.8697
4
2.82411
2.82071
2.8209
2.82071
2.82022
2.82053
2.82057
2.82013
2.8211
2.82023
8
1.66006
1.6512
1.65117
1.65096
1.65123
1.65118
1.65116
1.65132
1.65119
1.65099
16
0.914248
0.904912
0.904997
0.904975
0.905038
0.905078
0.905088
0.905072
0.905082
0.904975
32
0.507936
0.490494
0.490433
0.490543
0.490464
0.490376
0.490479
0.4905
0.490507
0.490553
40
0.418334
0.408277
0.408466
0.408326
0.408425
0.408256
0.408385
0.408251
0.408409
0.4083
50
0.357391
0.344196
0.344133
0.344151
0.34419
0.34417
0.344176
0.344136
0.344256
0.344217
61
0.31231
0.299887
0.299969
0.299889
0.299905
0.299804
0.299865
0.299939
0.299933
0.299903
80
0.262851
0.249762
0.249677
0.249631
0.249686
0.249772
0.249603
0.2497
0.249626
0.2498
122
0.229135
0.198902
0.198847
0.198931
0.198865
0.198921
0.1989
0.198848
0.198948
0.198875
150
0.203623
0.18102
0.181073
0.181092
0.181111
0.181089
0.181232
0.181024
0.181054
0.181058
180
0.197543
0.169148
0.169087
0.169131
0.169082
0.169194
0.169196
0.169091
0.169188
0.169088
200
0.183004
0.162603
0.162634
0.162671
0.16258
0.162664
0.162655
0.162667
0.162541
0.162585
244
0.197887
0.152248
0.152332
0.152245
0.152266
0.152286
0.152289
0.152358
0.152269
0.152225
mimd on tile 8192
../../datasets/pokec/soc-pokec-8192
2
3.96562
3.94707
3.95032
3.94887
3.9501
3.94736
3.94732
3.94965
3.94817
3.94916
4
2.84408
2.84185
2.84099
2.84128
2.84127
2.84141
2.84116
2.841
2.84113
2.84417
8
1.65797
1.6513
1.65132
1.65116
1.65152
1.65073
1.65126
1.65115
1.65113
1.65143
16
0.901085
0.890688
0.890816
0.890808
0.89074
0.890853
0.890746
0.890784
0.890822
0.890719
32
0.482943
0.466925
0.466968
0.466986
0.466932
0.466846
0.466892
0.46704
0.466955
0.466907
40
0.39182
0.381836
0.381852
0.381862
0.381778
0.381805
0.381771
0.381847
0.381752
0.382106
50
0.327547
0.314709
0.314618
0.314697
0.314668
0.314692
0.314705
0.314679
0.314654
0.314715
61
0.278548
0.266418
0.266431
0.266493
0.266368
0.266383
0.266343
0.266412
0.266361
0.266353
80
0.223989
0.211222
0.211173
0.211191
0.211166
0.211305
0.211193
0.21132
0.211211
0.211242
122
0.183475
0.153584
0.153488
0.153511
0.153527
0.153542
0.153495
0.153533
0.153494
0.153605
150
0.156811
0.133853
0.13387
0.133898
0.133891
0.133846
0.133854
0.133867
0.133935
0.133865
180
0.147847
0.120784
0.120819
0.12082
0.120807
0.120817
0.120882
0.120858
0.120826
0.120846
200
0.13505
0.114498
0.114517
0.114485
0.11451
0.114538
0.114449
0.114471
0.114403
0.114443
244
0.149788
0.104616
0.10457
0.104537
0.10456
0.104542
0.104544
0.104571
0.104554
0.104541
 **** pagerank finished! Total time elipsed: 3083 secs ... **** 

